<html>
<head><meta charset="utf-8" /></head>
<body>
    <div>                        <script type="text/javascript">window.PlotlyConfig = {MathJaxConfig: 'local'};</script>
        <script src="https://cdn.plot.ly/plotly-latest.min.js"></script>                <div id="aa9bf3bf-9c26-4c22-afd3-36713fa4eaaf" class="plotly-graph-div" style="height:700px; width:700px;"></div>            <script type="text/javascript">                                    window.PLOTLYENV=window.PLOTLYENV || {};                                    if (document.getElementById("aa9bf3bf-9c26-4c22-afd3-36713fa4eaaf")) {                    Plotly.newPlot(                        "aa9bf3bf-9c26-4c22-afd3-36713fa4eaaf",                        [{"coloraxis": "coloraxis", "hovertemplate": "x: %{x}<br>y: %{y}<br>Similarity Score: %{z}<extra></extra>", "name": "0", "type": "heatmap", "x": ["0_game_team_games", "38_games_sega_game", "1_key_encryption_phone", "5_voltage_audio_noise", "25_modem_card_lciii", "2_patients_pain_disease", "32_penalty_murder_punishment", "3_car_cars_engine", "18_bike_bikes_motorcycle", "44_car_traffic_bike", "4_dimmer_dimolex_dimmagio", "6_space_nasa_shuttle", "12_25_launch_vitamin", "41_gamma_galaxy_pluto", "7_gun_guns_firearms", "8_bus_controller_disk", "11_disk_drives_boot", "28_speakers_stereo_sony", "34_meg_disks_shipping", "42_tapes_tape_postage", "9_homosexual_sex_gay", "10_file_gif_format", "30_homicide_seattle_vancouver", "37_agents_knock_fbi", "13_ndet_loop_libxmu_error", "14_card_monitor_256", "15_mac_macs_powerpc", "16_byte_p3_maxbyte", "35_print_printer_font", "48_machines_macsyma_algebra", "17_fire_gas_davidians", "27_koresh_fbi_batf", "19_israel_jews_israeli", "20_jehovah_lord_bible", "22_jesus_aaron_sin", "21_scsi_don_attacks", "31_judas_forged_matthew", "39_jesus_kirlian_lunar", "46_homosexuality_bible_homo...", "49_latin_advance_info", "23_armenian_turkish_armenians", "24_scientific_objective_sub...", "29_joke_humor_doctors", "33_moral_morality_immoral", "36_government_libertarians_...", "43_president_clipper_didn", "47_militia_constitution_ame...", "26_atheism_atheists_atheist", "40_serbs_bosnian_bosnia", "45_japanese_japan_pittsburgh"], "xaxis": "x", "y": ["0_game_team_games", "38_games_sega_game", "1_key_encryption_phone", "5_voltage_audio_noise", "25_modem_card_lciii", "2_patients_pain_disease", "32_penalty_murder_punishment", "3_car_cars_engine", "18_bike_bikes_motorcycle", "44_car_traffic_bike", "4_dimmer_dimolex_dimmagio", "6_space_nasa_shuttle", "12_25_launch_vitamin", "41_gamma_galaxy_pluto", "7_gun_guns_firearms", "8_bus_controller_disk", "11_disk_drives_boot", "28_speakers_stereo_sony", "34_meg_disks_shipping", "42_tapes_tape_postage", "9_homosexual_sex_gay", "10_file_gif_format", "30_homicide_seattle_vancouver", "37_agents_knock_fbi", "13_ndet_loop_libxmu_error", "14_card_monitor_256", "15_mac_macs_powerpc", "16_byte_p3_maxbyte", "35_print_printer_font", "48_machines_macsyma_algebra", "17_fire_gas_davidians", "27_koresh_fbi_batf", "19_israel_jews_israeli", "20_jehovah_lord_bible", "22_jesus_aaron_sin", "21_scsi_don_attacks", "31_judas_forged_matthew", "39_jesus_kirlian_lunar", "46_homosexuality_bible_homo...", "49_latin_advance_info", "23_armenian_turkish_armenians", "24_scientific_objective_sub...", "29_joke_humor_doctors", "33_moral_morality_immoral", "36_government_libertarians_...", "43_president_clipper_didn", "47_militia_constitution_ame...", "26_atheism_atheists_atheist", "40_serbs_bosnian_bosnia", "45_japanese_japan_pittsburgh"], "yaxis": "y", "z": [[1.0000000000000002, 0.8953396867841963, 0.38617227494171247, 0.3460275484535778, 0.4236131098052932, 0.43607507463254463, 0.4527933722965392, 0.27587090260281044, 0.3071478497616198, 0.3740664188167428, 0.1526913590775713, 0.37878273838427723, 0.419464331430611, 0.42376213579070665, 0.38566428882456966, 0.5257137419948558, 0.4739754761855714, 0.43880542359429614, 0.4624269473948608, 0.4923858630189261, 0.23010055935532467, 0.4719318781911922, 0.45748192309740426, 0.42504979781761126, 0.4346051638009406, 0.5781816865621845, 0.3106351755844283, 0.4039944543874379, 0.3220202080155376, 0.4410855829392383, 0.251740173755081, 0.27776710602251264, 0.19800299470625693, 0.35171494368679285, 0.37378615065467485, 0.474968836636149, 0.4555342966650135, 0.457469600985569, 0.3967911188322595, 0.4609521348364718, 0.2102096673063831, 0.41772835024784777, 0.507015037408647, 0.33062273859013086, 0.3711217940479088, 0.4660945632812177, 0.443924133125108, 0.28028008981551167, 0.19366748690523555, 0.3443271321211099], [0.8953396867841963, 0.9999999999999999, 0.4390598230197104, 0.41964474924949197, 0.4940501426162275, 0.4827121613972274, 0.5094447428661628, 0.3144693055142607, 0.319607994774418, 0.40317526859608266, 0.2215988698225515, 0.44937682670574364, 0.4879319492968769, 0.5087679841865644, 0.4292471948377162, 0.6049495816724473, 0.5418598582296524, 0.5338156586306991, 0.5721438166342072, 0.5795896970544512, 0.30164746167157913, 0.5285371114277914, 0.523882910590288, 0.457112981372888, 0.5084320804110987, 0.6485700072790848, 0.38210864565186803, 0.4723134670916261, 0.3813650917204877, 0.4968571933757672, 0.3115759558380854, 0.35421197432765933, 0.24539020940645406, 0.42784977269670493, 0.47686823143290746, 0.5630723336346953, 0.5579322168024125, 0.5484955290755067, 0.47891312161916055, 0.5426220828779023, 0.24788553270252744, 0.48147622341712226, 0.5703543706661253, 0.4149755493361617, 0.4627787890492443, 0.5543987394140741, 0.5087555736513601, 0.3178483009333576, 0.2076832626834045, 0.40682566063963627], [0.38617227494171247, 0.4390598230197104, 0.999999999999999, 0.6277015659816083, 0.613545168074272, 0.393225958901611, 0.4087304276399838, 0.4152188322902701, 0.3231596852673353, 0.4752667098576745, 0.2219966550066414, 0.4491367945741481, 0.5554455468301144, 0.4388396962945982, 0.3897337473449358, 0.4851283693769546, 0.5523528763693749, 0.5864390332380963, 0.5757634443843604, 0.596799362940018, 0.2809084017036001, 0.557626288722937, 0.5120205212236439, 0.5884733371048638, 0.4930621206676153, 0.5653767288714933, 0.42088439904164493, 0.5505505430364817, 0.3891866032410594, 0.47548057955285794, 0.3183423471235771, 0.3099728239092756, 0.24604587665784924, 0.4194379622088427, 0.3674892990455, 0.4246292688128671, 0.5416234198389839, 0.501376268363785, 0.4584355447292458, 0.5932891791269882, 0.29200119860935086, 0.43303786239286346, 0.4376176307932879, 0.3877292974578531, 0.4377049492577088, 0.5104649206674207, 0.4988475369536141, 0.22552364733319272, 0.21162026183733473, 0.49842979833019885], [0.3460275484535778, 0.41964474924949197, 0.6277015659816083, 0.9999999999999998, 0.6742518050706285, 0.3981607808122821, 0.36201591043644765, 0.4902359660880562, 0.47039504650093256, 0.5556784268185565, 0.32658025707686095, 0.5324097863600217, 0.5918072379719541, 0.5575936110778354, 0.36796439417539095, 0.5896403505088408, 0.6354100430614853, 0.8190195702930374, 0.6201699839527018, 0.6491039991375729, 0.23287152733987102, 0.5626931326826949, 0.49199413029277983, 0.5341149135805131, 0.6002436744499271, 0.5312582439964582, 0.5568321633449097, 0.6256576421118819, 0.4703708043983541, 0.5406510197120653, 0.4814307821097091, 0.3650838336013557, 0.2527248899606654, 0.4303533544890484, 0.40318984540719716, 0.4550340120476578, 0.5397799564237037, 0.5826185025904703, 0.47620164393160624, 0.5732570767803195, 0.2852154106999733, 0.5060311191660338, 0.4842024646543969, 0.44159569757781575, 0.40309268836044665, 0.49754006344634166, 0.5390309173583715, 0.2805192807997123, 0.29477696582370205, 0.4914145977621869], [0.4236131098052932, 0.4940501426162275, 0.613545168074272, 0.6742518050706285, 1.0000000000000002, 0.36692021918246465, 0.4043982144274774, 0.4517056512570098, 0.3484349737509811, 0.47757438041980377, 0.33178477151797736, 0.42302359368304493, 0.5576665940639715, 0.547770252364126, 0.3179836813563825, 0.5997598031861344, 0.5592072875951348, 0.638415349554887, 0.6017513221963258, 0.560626664863349, 0.28507372141907744, 0.5565739107498633, 0.4578332413580284, 0.4933717688011717, 0.604758054957906, 0.6540807148590432, 0.612569348868869, 0.6662833126320807, 0.493161222062282, 0.5672609388169527, 0.4155159836794573, 0.3529787853150457, 0.21117971393316606, 0.3840185773814219, 0.39696999504522745, 0.44220491658289046, 0.51464651992154, 0.5221823148323873, 0.46803082404851665, 0.5892725604611418, 0.2721294731462821, 0.46430614801872333, 0.45187964609201053, 0.4402339368083387, 0.44615409240762205, 0.5675120419789176, 0.5452749656860818, 0.2585560860315012, 0.16782740771510382, 0.3947010984330516], [0.43607507463254463, 0.4827121613972274, 0.393225958901611, 0.3981607808122821, 0.36692021918246465, 1.0000000000000004, 0.5736190644111259, 0.35686667584741216, 0.37883253741946304, 0.48130693581211204, 0.24563847044058573, 0.3882132664028637, 0.49971417662928885, 0.4200116948904393, 0.32931333962879034, 0.45141074324803643, 0.5103808704364506, 0.46968122427950987, 0.5056921546462105, 0.4942968621477529, 0.3555593547885999, 0.5148612158716867, 0.4738566560034201, 0.4999932587892512, 0.4405132096217844, 0.49472424793004843, 0.3827759257384631, 0.4434104795755247, 0.42474503649207795, 0.4714343762743774, 0.33032151160673023, 0.3433405389057352, 0.22883962327287785, 0.4246962551920367, 0.5251508085410437, 0.5232343452881404, 0.5594620266394482, 0.5229441718169594, 0.5634381153018697, 0.5453196170390946, 0.30964245439969806, 0.5602374453911124, 0.6208583487906933, 0.512381509967115, 0.4210978049251125, 0.5317032487946635, 0.5152898491919613, 0.30045951710774477, 0.31710314285461283, 0.4425409704042273], [0.4527933722965392, 0.5094447428661628, 0.4087304276399838, 0.36201591043644765, 0.4043982144274774, 0.5736190644111259, 1.0000000000000007, 0.33968007372527775, 0.29051580138846067, 0.44753804198454045, 0.23622310623922382, 0.38017434943951867, 0.4573853350303522, 0.4354483533392586, 0.4370503090728956, 0.4746230195582793, 0.49091632525375717, 0.47999703661712056, 0.5007673771219184, 0.5352353650126304, 0.4415600289458892, 0.5395349399048573, 0.6590361784908745, 0.46228988137654525, 0.43945942404511, 0.45752432727402736, 0.36453131884530043, 0.47946172179258906, 0.3996732623056337, 0.44339723939898046, 0.4043968903114254, 0.27546530063253655, 0.13122672018407333, 0.44930705476924765, 0.6091808471052857, 0.5354448215252707, 0.6238989017551924, 0.5306778419999278, 0.6086138618658478, 0.5179781174401414, 0.1960698476776432, 0.5064480208295508, 0.5940937596999085, 0.5147302075112515, 0.4181509098420228, 0.5664657376865342, 0.5299628189745876, 0.3476040028169647, 0.21758717787631343, 0.34082382764879143], [0.27587090260281044, 0.3144693055142607, 0.4152188322902701, 0.4902359660880562, 0.4517056512570098, 0.35686667584741216, 0.33968007372527775, 1.0, 0.4939439795233992, 0.786465338650076, 0.23816012247832702, 0.4335986410701644, 0.47904946164634793, 0.43072986924542894, 0.24652215006033118, 0.5106037089728674, 0.619571941646388, 0.5260147892823359, 0.4984813119287474, 0.4443504665439002, 0.2353234705268396, 0.4371368761732497, 0.38403066257375845, 0.42515095791962293, 0.42417343895650006, 0.4111780603723251, 0.40246876805824233, 0.42271663693829115, 0.37355787140409613, 0.45590692801279287, 0.372035905193999, 0.29180107473243816, 0.202334912247722, 0.38447933640934917, 0.4331677673665457, 0.4510153128500949, 0.4740695791505365, 0.4919087669261882, 0.5009671584319013, 0.4335792143824796, 0.3139188553107598, 0.4286516801970786, 0.4046299094526455, 0.4549050834798786, 0.39439534096807105, 0.4818199851288768, 0.4665260293315587, 0.30027789960560497, 0.22275908884938117, 0.4137274165678152], [0.3071478497616198, 0.319607994774418, 0.3231596852673353, 0.47039504650093256, 0.3484349737509811, 0.37883253741946304, 0.29051580138846067, 0.4939439795233992, 1.0, 0.6964226602006811, 0.24996313687922675, 0.37924155846255647, 0.46173984253059785, 0.35547407628989103, 0.3034943611294703, 0.3822070938150974, 0.4356954049193894, 0.41355594922266203, 0.3762358923234205, 0.4096945996298875, 0.18540825454343912, 0.3648191587435233, 0.4309705858435207, 0.34904917519989703, 0.3914386677772618, 0.3775470596904387, 0.3728467669855039, 0.39566771188343763, 0.3035899468236014, 0.4119795419453447, 0.27634724838726327, 0.29437759754748427, 0.19080057741444056, 0.36071024751918274, 0.36137701366311875, 0.3900798034206614, 0.4144161669940079, 0.457381222414455, 0.39880292450175703, 0.41959728034505894, 0.18866093303845913, 0.4046192025121017, 0.39716160850471405, 0.3801540992896615, 0.2810656577690305, 0.42648177081005134, 0.41634849496227, 0.25520851640340925, 0.37099344400419015, 0.391974240455514], [0.3740664188167428, 0.40317526859608266, 0.4752667098576745, 0.5556784268185565, 0.47757438041980377, 0.48130693581211204, 0.44753804198454045, 0.786465338650076, 0.6964226602006811, 1.0, 0.25336092395006626, 0.5093485234257522, 0.5658966135889232, 0.45510449514896145, 0.3051187574603929, 0.5644103279044214, 0.6318940488849646, 0.5390261001748583, 0.5213465634015434, 0.5341057226290539, 0.26829140457441836, 0.4750874160904014, 0.47553058423782935, 0.45775479295219434, 0.5046171469202003, 0.4735922253382022, 0.40288922618214024, 0.4882264547829869, 0.39730588275082246, 0.4992497626607112, 0.337839009588494, 0.32112730192438654, 0.25216957214044344, 0.4273306551181659, 0.45249469819919397, 0.49729762708729164, 0.5264181304412955, 0.5357876766986531, 0.5519761039161404, 0.5194241852419674, 0.2697108927595902, 0.4882013561239087, 0.5084058734394978, 0.5056047091276517, 0.4390316672015292, 0.5156656178386454, 0.5301427631817345, 0.31835319342046897, 0.283601843512462, 0.44888602639278535], [0.1526913590775713, 0.2215988698225515, 0.2219966550066414, 0.32658025707686095, 0.33178477151797736, 0.24563847044058573, 0.23622310623922382, 0.23816012247832702, 0.24996313687922675, 0.25336092395006626, 0.9999999999999992, 0.3305102790570025, 0.32173014599384464, 0.3758359879158989, 0.14974148395398673, 0.45608894252732424, 0.3503931780397424, 0.36028507039304253, 0.37121605512458933, 0.29488801102676204, 0.24603629130507354, 0.3171695380837487, 0.32820698118036173, 0.24311911066010453, 0.3322260371927884, 0.3382205247458861, 0.22747982695460214, 0.42614539649755867, 0.3643292712329618, 0.36998115325553504, 0.31085956410443794, 0.29679004408040166, 0.1902202455869455, 0.36798035454288114, 0.3815054585751059, 0.32236473387623543, 0.4013587162909862, 0.44055238644440864, 0.3631582983876539, 0.4121465756204875, 0.18576089818523495, 0.2966444786435766, 0.377520621782525, 0.2654654984419973, 0.25696043246017114, 0.38629185339540784, 0.30839320463065983, 0.27013632877779936, 0.31127628075029684, 0.3468087296712821], [0.37878273838427723, 0.44937682670574364, 0.4491367945741481, 0.5324097863600217, 0.42302359368304493, 0.3882132664028637, 0.38017434943951867, 0.4335986410701644, 0.37924155846255647, 0.5093485234257522, 0.3305102790570025, 1.0000000000000002, 0.6840999402154602, 0.7107543955353477, 0.29247176709173944, 0.5997676117780689, 0.6438422097643768, 0.5552358299188749, 0.6360844325757538, 0.5709737095983489, 0.34372140518792316, 0.5242040766856513, 0.4532881888855682, 0.41580333002287595, 0.443286047042479, 0.45795810324295533, 0.3922449289094083, 0.5799094655248773, 0.46094817271170624, 0.5187607182766434, 0.39348635300473167, 0.3158592440507175, 0.26729398641629304, 0.43781463965948825, 0.45085853193537884, 0.4868487180769613, 0.5289360106341667, 0.5815085091287936, 0.5146869320717405, 0.5250192934435192, 0.2250924650919992, 0.4739341692804571, 0.509992890484019, 0.3810641683968605, 0.43546010900681487, 0.47356185030982456, 0.46771566266462317, 0.3793113105368767, 0.3120444532086028, 0.4455695808714965], [0.419464331430611, 0.4879319492968769, 0.5554455468301144, 0.5918072379719541, 0.5576665940639715, 0.49971417662928885, 0.4573853350303522, 0.47904946164634793, 0.46173984253059785, 0.5658966135889232, 0.32173014599384464, 0.6840999402154602, 1.0, 0.6483253561604505, 0.34113900716746776, 0.5450842773833557, 0.6544134535486191, 0.6081936614192641, 0.660830203259187, 0.6170867343957476, 0.285270288321094, 0.622623788357914, 0.5701122460471078, 0.5470530925492059, 0.5189353223535385, 0.5816154334453568, 0.4591772143020502, 0.6381518493439582, 0.48817531140334613, 0.5445777443676052, 0.45878304427285277, 0.4454047962069546, 0.3172206301476388, 0.49911876115288495, 0.49193187992735676, 0.5590746161373088, 0.6251406541823598, 0.6936890691800719, 0.5482716731911716, 0.6478723633672652, 0.35005754176035553, 0.5713424931559969, 0.5179328992545974, 0.4984906103925183, 0.5279511168787308, 0.5689462581351679, 0.637465653901506, 0.3295385287863074, 0.36588082021739043, 0.5295408029247185], [0.42376213579070665, 0.5087679841865644, 0.4388396962945982, 0.5575936110778354, 0.547770252364126, 0.4200116948904393, 0.4354483533392586, 0.43072986924542894, 0.35547407628989103, 0.45510449514896145, 0.3758359879158989, 0.7107543955353477, 0.6483253561604505, 0.9999999999999998, 0.3527922279015527, 0.5683116448233653, 0.6192333607412422, 0.6204965741606241, 0.6379501394660445, 0.5989614197359817, 0.33955798342999594, 0.5906950494351055, 0.5350947341985312, 0.5226641330214284, 0.49307709108091013, 0.5887640665959344, 0.4543914633628154, 0.6615370689466706, 0.513315461370698, 0.5119796249851247, 0.5200056529697927, 0.398789990329364, 0.2846264100674855, 0.4751668387194644, 0.47606551182375234, 0.5284497131008864, 0.574017383922687, 0.6376532814143443, 0.5162409826499397, 0.5795984632236616, 0.4103819918553353, 0.560241473463227, 0.4982773882551912, 0.45357914654961284, 0.5146856324951017, 0.5736180124584505, 0.5604543324927281, 0.3769458796388863, 0.27574497207165244, 0.46021726078542974], [0.38566428882456966, 0.4292471948377162, 0.3897337473449358, 0.36796439417539095, 0.3179836813563825, 0.32931333962879034, 0.4370503090728956, 0.24652215006033118, 0.3034943611294703, 0.3051187574603929, 0.14974148395398673, 0.29247176709173944, 0.34113900716746776, 0.3527922279015527, 1.0000000000000004, 0.38619844175479623, 0.38997936943921563, 0.3868429250578294, 0.4151285370313047, 0.4025958654475208, 0.21587278408480753, 0.6286366364320348, 0.7249179517345077, 0.5611957086348602, 0.2865871792600778, 0.36188023628595856, 0.33495965716636156, 0.255824153724232, 0.2996103397711257, 0.35321986864679855, 0.3452653093033952, 0.2783829050491031, 0.17041020099021417, 0.3140187671563639, 0.3747511132181237, 0.3629379994419871, 0.4098157132034261, 0.3925591552818967, 0.3535543511590916, 0.3775381433556425, 0.28427662737932846, 0.3034388297006052, 0.3827336119993013, 0.2946229700444085, 0.34690516121005005, 0.43532622519302555, 0.5085186762573907, 0.21753483180319844, 0.18975198078993097, 0.2978061637416725], [0.5257137419948558, 0.6049495816724473, 0.4851283693769546, 0.5896403505088408, 0.5997598031861344, 0.45141074324803643, 0.4746230195582793, 0.5106037089728674, 0.3822070938150974, 0.5644103279044214, 0.45608894252732424, 0.5997676117780689, 0.5450842773833557, 0.5683116448233653, 0.38619844175479623, 1.0, 0.8065017987769414, 0.6787421107020671, 0.7756224883881945, 0.6850643245255068, 0.35910896720961527, 0.6148822289508483, 0.5558137954060125, 0.4938022384233822, 0.5512544175676063, 0.6539809909161712, 0.5580550068254407, 0.6448463092512999, 0.5335797425650244, 0.6501867099898173, 0.40860975727602344, 0.42031728597149176, 0.30983353045576467, 0.5314841267557145, 0.6015777491913834, 0.6245183233596495, 0.6267541369587644, 0.6849948086296241, 0.5966139928426626, 0.6210081449602266, 0.2875792991747258, 0.5323200905501485, 0.5722883575920875, 0.46203027167135524, 0.48272253639363516, 0.6018601006820326, 0.548148274673538, 0.3603122307224706, 0.37032713819227037, 0.4713674527096199], [0.4739754761855714, 0.5418598582296524, 0.5523528763693749, 0.6354100430614853, 0.5592072875951348, 0.5103808704364506, 0.49091632525375717, 0.619571941646388, 0.4356954049193894, 0.6318940488849646, 0.3503931780397424, 0.6438422097643768, 0.6544134535486191, 0.6192333607412422, 0.38997936943921563, 0.8065017987769414, 0.9999999999999992, 0.7050443307964499, 0.8596267940900314, 0.7452081606491868, 0.332347299021807, 0.6737568020868919, 0.5774797392520075, 0.6001840414978322, 0.5766592210970434, 0.6080660116246445, 0.5869516010877165, 0.6683011009273189, 0.5720403141784313, 0.6904184686019316, 0.4062219516147546, 0.3899128936474229, 0.3077177128019402, 0.49093903621297696, 0.5574752158494346, 0.6224498047759919, 0.619682672861694, 0.6684348908632697, 0.6113291764511356, 0.6369346459304153, 0.27422568168767064, 0.5325239395054588, 0.5335470126407448, 0.5164677934482481, 0.4851808736169168, 0.6073298661929479, 0.6047595993308794, 0.29625389881487385, 0.36368498917140607, 0.48556124140331086], [0.43880542359429614, 0.5338156586306991, 0.5864390332380963, 0.8190195702930374, 0.638415349554887, 0.46968122427950987, 0.47999703661712056, 0.5260147892823359, 0.41355594922266203, 0.5390261001748583, 0.36028507039304253, 0.5552358299188749, 0.6081936614192641, 0.6204965741606241, 0.3868429250578294, 0.6787421107020671, 0.7050443307964499, 1.0, 0.7014452950354408, 0.7822285291046175, 0.3234810672837226, 0.6319687752482157, 0.5884643965981404, 0.5492400028165144, 0.5345106743512048, 0.6273492644619301, 0.5662452300652079, 0.6454984519888599, 0.5147556704845615, 0.56880680889922, 0.4856701942330182, 0.39492567614214125, 0.27234110952605783, 0.5133396767840146, 0.5302975470546047, 0.5836714693231001, 0.6170499598505822, 0.6858872966030609, 0.570014534881786, 0.6293214633044559, 0.31095660980160666, 0.5499180651170338, 0.5797163294025325, 0.5173491360857501, 0.49419956084116634, 0.6146146509640241, 0.5893645185711235, 0.36440083882830737, 0.34905360909828853, 0.5375903063732671], [0.4624269473948608, 0.5721438166342072, 0.5757634443843604, 0.6201699839527018, 0.6017513221963258, 0.5056921546462105, 0.5007673771219184, 0.4984813119287474, 0.3762358923234205, 0.5213465634015434, 0.37121605512458933, 0.6360844325757538, 0.660830203259187, 0.6379501394660445, 0.4151285370313047, 0.7756224883881945, 0.8596267940900314, 0.7014452950354408, 1.0, 0.7607696285064482, 0.36943112074228923, 0.6953276855269362, 0.6277828955449319, 0.5626590009518313, 0.5825824249561014, 0.6570141465689227, 0.641944131227771, 0.6738001821990257, 0.6017455622221982, 0.7463614301985451, 0.3973215059642563, 0.4201051533375259, 0.2977713576168187, 0.5180332819840341, 0.5903016826829972, 0.6449363674050377, 0.6526479472992243, 0.7047772463162965, 0.6070082663008494, 0.6750529810660542, 0.33052044744440756, 0.5222630581861282, 0.5794367510546833, 0.49123633734255717, 0.5326982787139443, 0.6121721856618253, 0.5788809688663856, 0.34332665110798366, 0.3594310182121404, 0.5453387584741112], [0.4923858630189261, 0.5795896970544512, 0.596799362940018, 0.6491039991375729, 0.560626664863349, 0.4942968621477529, 0.5352353650126304, 0.4443504665439002, 0.4096945996298875, 0.5341057226290539, 0.29488801102676204, 0.5709737095983489, 0.6170867343957476, 0.5989614197359817, 0.4025958654475208, 0.6850643245255068, 0.7452081606491868, 0.7822285291046175, 0.7607696285064482, 0.9999999999999993, 0.36175906610103525, 0.7293895288367452, 0.5895865593160977, 0.5493903793268672, 0.5433464245213472, 0.6560189023342211, 0.5016074268501008, 0.5972346754545522, 0.5836757852669058, 0.6627018323836161, 0.41558170962123914, 0.41732051461666864, 0.2636252500529736, 0.5136456193353188, 0.5430396482375299, 0.5600140725009378, 0.6253306719928867, 0.7016790768440807, 0.5884854578404555, 0.6542555770889148, 0.3189397969083158, 0.5376640688288963, 0.5600217673980477, 0.4833903194497835, 0.4743872689257821, 0.5873404338082149, 0.55651068708741, 0.29627150560186244, 0.3660941121283928, 0.5392817695028216], [0.23010055935532467, 0.30164746167157913, 0.2809084017036001, 0.23287152733987102, 0.28507372141907744, 0.3555593547885999, 0.4415600289458892, 0.2353234705268396, 0.18540825454343912, 0.26829140457441836, 0.24603629130507354, 0.34372140518792316, 0.285270288321094, 0.33955798342999594, 0.21587278408480753, 0.35910896720961527, 0.332347299021807, 0.3234810672837226, 0.36943112074228923, 0.36175906610103525, 1.0000000000000002, 0.32813830495731894, 0.35902908324553023, 0.2554074717669559, 0.23917244606688529, 0.30773393057964626, 0.29085955540384406, 0.3467006847787062, 0.28958315864659806, 0.35359589920299755, 0.32910525446136146, 0.13323170290161146, 0.21297358494537114, 0.3492001827692121, 0.48879086528788857, 0.3859275365966974, 0.475256927325601, 0.4166608461986054, 0.730758313804845, 0.4561637035866962, 0.2205431927240475, 0.33186723107777877, 0.43375676197551777, 0.40417611796106717, 0.33241205819775954, 0.3473355056059352, 0.2870850758762217, 0.2938411722345545, 0.22966884958672296, 0.31431113219573936], [0.4719318781911922, 0.5285371114277914, 0.557626288722937, 0.5626931326826949, 0.5565739107498633, 0.5148612158716867, 0.5395349399048573, 0.4371368761732497, 0.3648191587435233, 0.4750874160904014, 0.3171695380837487, 0.5242040766856513, 0.622623788357914, 0.5906950494351055, 0.6286366364320348, 0.6148822289508483, 0.6737568020868919, 0.6319687752482157, 0.6953276855269362, 0.7293895288367452, 0.32813830495731894, 1.0000000000000002, 0.6820374873467434, 0.615553883852671, 0.5811824608886176, 0.6502373673572368, 0.5423258607190501, 0.5860889232694376, 0.6990515631360648, 0.6957513783696125, 0.47603072153373877, 0.5292333778925673, 0.2868665774775869, 0.5047476154125101, 0.5222637622657906, 0.5755623446911833, 0.5917458720204237, 0.6854921931805892, 0.5510646103765993, 0.689122773107387, 0.38431852262651933, 0.5810964394131536, 0.5705125393667517, 0.501055952760327, 0.5311839353411982, 0.6022396459574888, 0.6127578191273522, 0.3341094667839696, 0.27532517900328907, 0.5511895443824913], [0.45748192309740426, 0.523882910590288, 0.5120205212236439, 0.49199413029277983, 0.4578332413580284, 0.4738566560034201, 0.6590361784908745, 0.38403066257375845, 0.4309705858435207, 0.47553058423782935, 0.32820698118036173, 0.4532881888855682, 0.5701122460471078, 0.5350947341985312, 0.7249179517345077, 0.5558137954060125, 0.5774797392520075, 0.5884643965981404, 0.6277828955449319, 0.5895865593160977, 0.35902908324553023, 0.6820374873467434, 0.9999999999999996, 0.5926539332692543, 0.4964064203824657, 0.5225546979623048, 0.5204175521687348, 0.5146565030107293, 0.4886578160724129, 0.5533765094246821, 0.42231036480508244, 0.4130405763718057, 0.2661895078289227, 0.4995704557955186, 0.5851019676095859, 0.5806163247749152, 0.580766250108605, 0.6676153556946673, 0.5760068474041702, 0.6055533905876681, 0.32015617931173085, 0.5040540591094611, 0.53756235833056, 0.45584116430145605, 0.4649912187103098, 0.6141799965259318, 0.5983926236274681, 0.32468014423709196, 0.38272212538186895, 0.484464690725382], [0.42504979781761126, 0.457112981372888, 0.5884733371048638, 0.5341149135805131, 0.4933717688011717, 0.4999932587892512, 0.46228988137654525, 0.42515095791962293, 0.34904917519989703, 0.45775479295219434, 0.24311911066010453, 0.41580333002287595, 0.5470530925492059, 0.5226641330214284, 0.5611957086348602, 0.4938022384233822, 0.6001840414978322, 0.5492400028165144, 0.5626590009518313, 0.5493903793268672, 0.2554074717669559, 0.615553883852671, 0.5926539332692543, 0.9999999999999993, 0.44210607266417257, 0.49420889001184787, 0.4340178451073616, 0.488031125051414, 0.4172086712003131, 0.43780763076205514, 0.42201677192525544, 0.4961340973105208, 0.23783192154706964, 0.38015763985871065, 0.40093359517886473, 0.5415737859945249, 0.5508042798371314, 0.5237269912405805, 0.5041678222992075, 0.492751228597071, 0.30113695923348865, 0.48294459924263794, 0.49609012755637316, 0.5292275175112074, 0.4519850314603091, 0.6193186861170863, 0.6746042812689044, 0.2998354635819298, 0.28900981667974135, 0.45702381965964817], [0.4346051638009406, 0.5084320804110987, 0.4930621206676153, 0.6002436744499271, 0.604758054957906, 0.4405132096217844, 0.43945942404511, 0.42417343895650006, 0.3914386677772618, 0.5046171469202003, 0.3322260371927884, 0.443286047042479, 0.5189353223535385, 0.49307709108091013, 0.2865871792600778, 0.5512544175676063, 0.5766592210970434, 0.5345106743512048, 0.5825824249561014, 0.5433464245213472, 0.23917244606688529, 0.5811824608886176, 0.4964064203824657, 0.44210607266417257, 0.9999999999999994, 0.545878029466084, 0.572885557338737, 0.6604155208434377, 0.5455010227608996, 0.5977889118118618, 0.3457951558432538, 0.43946231837465105, 0.19492594110298034, 0.4311509921795618, 0.40542849578186696, 0.4921543136515229, 0.5277266313486009, 0.5752514258111484, 0.4525082520664629, 0.5821473253856236, 0.26086759042326374, 0.5097866068039882, 0.5176303515038487, 0.3958380469572527, 0.42067618835306264, 0.5168180889050465, 0.4936944280706532, 0.2694666548907306, 0.2634491307099918, 0.46535652384152904], [0.5781816865621845, 0.6485700072790848, 0.5653767288714933, 0.5312582439964582, 0.6540807148590432, 0.49472424793004843, 0.45752432727402736, 0.4111780603723251, 0.3775470596904387, 0.4735922253382022, 0.3382205247458861, 0.45795810324295533, 0.5816154334453568, 0.5887640665959344, 0.36188023628595856, 0.6539809909161712, 0.6080660116246445, 0.6273492644619301, 0.6570141465689227, 0.6560189023342211, 0.30773393057964626, 0.6502373673572368, 0.5225546979623048, 0.49420889001184787, 0.545878029466084, 0.9999999999999997, 0.5480623901817523, 0.6533109192795583, 0.591714043624737, 0.6048715144119344, 0.359900233613546, 0.39384480720314363, 0.24473462371951732, 0.4738226667680588, 0.4570321419026321, 0.5292955518873002, 0.5641110041952948, 0.6425986821104598, 0.5175297761444497, 0.6125548296368513, 0.31794390986095333, 0.5166292056195695, 0.5690718557110265, 0.43164206079875356, 0.46589231126804775, 0.5838728020692173, 0.5363946582555281, 0.27652877482161964, 0.30003212724803174, 0.48325330537777705], [0.3106351755844283, 0.38210864565186803, 0.42088439904164493, 0.5568321633449097, 0.612569348868869, 0.3827759257384631, 0.36453131884530043, 0.40246876805824233, 0.3728467669855039, 0.40288922618214024, 0.22747982695460214, 0.3922449289094083, 0.4591772143020502, 0.4543914633628154, 0.33495965716636156, 0.5580550068254407, 0.5869516010877165, 0.5662452300652079, 0.641944131227771, 0.5016074268501008, 0.29085955540384406, 0.5423258607190501, 0.5204175521687348, 0.4340178451073616, 0.572885557338737, 0.5480623901817523, 1.0000000000000002, 0.633614876869034, 0.5458759137335124, 0.7076788157680083, 0.3401848782645051, 0.3933605179854941, 0.22404620020292093, 0.4029637404953035, 0.44374175120040427, 0.482959889276967, 0.5005250836772075, 0.5610627265044699, 0.45081176903043707, 0.5084254555939303, 0.29273621365260893, 0.41067052564223017, 0.44299243133216937, 0.4163408120615795, 0.4078121614310927, 0.5346721219826133, 0.42215091579638336, 0.21988141299899694, 0.26717081078994837, 0.4339347113079074], [0.4039944543874379, 0.4723134670916261, 0.5505505430364817, 0.6256576421118819, 0.6662833126320807, 0.4434104795755247, 0.47946172179258906, 0.42271663693829115, 0.39566771188343763, 0.4882264547829869, 0.42614539649755867, 0.5799094655248773, 0.6381518493439582, 0.6615370689466706, 0.255824153724232, 0.6448463092512999, 0.6683011009273189, 0.6454984519888599, 0.6738001821990257, 0.5972346754545522, 0.3467006847787062, 0.5860889232694376, 0.5146565030107293, 0.488031125051414, 0.6604155208434377, 0.6533109192795583, 0.633614876869034, 0.9999999999999999, 0.593042528845984, 0.6565659163088426, 0.4512019881726933, 0.43110550173460005, 0.2983111975902668, 0.4690994561977554, 0.4642951198847708, 0.5442750433976615, 0.5819085186823796, 0.6508866907805704, 0.558614710515358, 0.6672902045344582, 0.24830899116215632, 0.5883879114351231, 0.5674677198082219, 0.5248493404961759, 0.4809715888460559, 0.6232344340967102, 0.5642544421748628, 0.33060331583323405, 0.28285086991221126, 0.5014785891157252], [0.3220202080155376, 0.3813650917204877, 0.3891866032410594, 0.4703708043983541, 0.493161222062282, 0.42474503649207795, 0.3996732623056337, 0.37355787140409613, 0.3035899468236014, 0.39730588275082246, 0.3643292712329618, 0.46094817271170624, 0.48817531140334613, 0.513315461370698, 0.2996103397711257, 0.5335797425650244, 0.5720403141784313, 0.5147556704845615, 0.6017455622221982, 0.5836757852669058, 0.28958315864659806, 0.6990515631360648, 0.4886578160724129, 0.4172086712003131, 0.5455010227608996, 0.591714043624737, 0.5458759137335124, 0.593042528845984, 1.0000000000000004, 0.6022362262178433, 0.3881419186965577, 0.42096257478127164, 0.2119780718220866, 0.4505399820887582, 0.4462786346544378, 0.47892778508896294, 0.5070599615708261, 0.6207118769363479, 0.5278425529122655, 0.6364213058039714, 0.28184919410812387, 0.45253030297414704, 0.5091647401304891, 0.397958515971191, 0.3950250464040287, 0.4803379970093117, 0.4775187551346405, 0.29717809245412136, 0.25049838214764975, 0.4691413289485352], [0.4410855829392383, 0.4968571933757672, 0.47548057955285794, 0.5406510197120653, 0.5672609388169527, 0.4714343762743774, 0.44339723939898046, 0.45590692801279287, 0.4119795419453447, 0.4992497626607112, 0.36998115325553504, 0.5187607182766434, 0.5445777443676052, 0.5119796249851247, 0.35321986864679855, 0.6501867099898173, 0.6904184686019316, 0.56880680889922, 0.7463614301985451, 0.6627018323836161, 0.35359589920299755, 0.6957513783696125, 0.5533765094246821, 0.43780763076205514, 0.5977889118118618, 0.6048715144119344, 0.7076788157680083, 0.6565659163088426, 0.6022362262178433, 0.9999999999999991, 0.32566809999655955, 0.3730311189006871, 0.3092447776025248, 0.48161754870158396, 0.5345948001586479, 0.5476752411690659, 0.5539763091772428, 0.634919771530669, 0.5479252848101298, 0.6788781667436379, 0.29817356241851284, 0.535286458344188, 0.5523367483474938, 0.4595604600672444, 0.4620987947827489, 0.545512568983147, 0.47268858946572545, 0.30723934393851265, 0.2400905745375101, 0.5247076378132025], [0.251740173755081, 0.3115759558380854, 0.3183423471235771, 0.4814307821097091, 0.4155159836794573, 0.33032151160673023, 0.4043968903114254, 0.372035905193999, 0.27634724838726327, 0.337839009588494, 0.31085956410443794, 0.39348635300473167, 0.45878304427285277, 0.5200056529697927, 0.3452653093033952, 0.40860975727602344, 0.4062219516147546, 0.4856701942330182, 0.3973215059642563, 0.41558170962123914, 0.32910525446136146, 0.47603072153373877, 0.42231036480508244, 0.42201677192525544, 0.3457951558432538, 0.359900233613546, 0.3401848782645051, 0.4512019881726933, 0.3881419186965577, 0.32566809999655955, 1.0000000000000004, 0.4674935512812412, 0.2450992886868455, 0.4249934930221735, 0.4213632418669064, 0.39622532433269303, 0.5043346853463586, 0.4602196856492172, 0.4540696572853896, 0.4066585832678623, 0.35643831163647943, 0.4478422200692355, 0.39041994096680666, 0.42777013260686336, 0.3834623652930575, 0.421154114598823, 0.46914072315155375, 0.35563017731183594, 0.1957737016850367, 0.3966599007168553], [0.27776710602251264, 0.35421197432765933, 0.3099728239092756, 0.3650838336013557, 0.3529787853150457, 0.3433405389057352, 0.27546530063253655, 0.29180107473243816, 0.29437759754748427, 0.32112730192438654, 0.29679004408040166, 0.3158592440507175, 0.4454047962069546, 0.398789990329364, 0.2783829050491031, 0.42031728597149176, 0.3899128936474229, 0.39492567614214125, 0.4201051533375259, 0.41732051461666864, 0.13323170290161146, 0.5292333778925673, 0.4130405763718057, 0.4961340973105208, 0.43946231837465105, 0.39384480720314363, 0.3933605179854941, 0.43110550173460005, 0.42096257478127164, 0.3730311189006871, 0.4674935512812412, 0.9999999999999996, 0.23625844182700334, 0.4814275008257417, 0.40797731299091156, 0.4770213035292026, 0.4385696733310509, 0.512540244751623, 0.3976072170951954, 0.38771797726493107, 0.33085930523676627, 0.40537642293791026, 0.3533493734280029, 0.3767406159087367, 0.36474524953668824, 0.5006210702061328, 0.45757818269959966, 0.3091183143781929, 0.3379373972897351, 0.3953339160220565], [0.19800299470625693, 0.24539020940645406, 0.24604587665784924, 0.2527248899606654, 0.21117971393316606, 0.22883962327287785, 0.13122672018407333, 0.202334912247722, 0.19080057741444056, 0.25216957214044344, 0.1902202455869455, 0.26729398641629304, 0.3172206301476388, 0.2846264100674855, 0.17041020099021417, 0.30983353045576467, 0.3077177128019402, 0.27234110952605783, 0.2977713576168187, 0.2636252500529736, 0.21297358494537114, 0.2868665774775869, 0.2661895078289227, 0.23783192154706964, 0.19492594110298034, 0.24473462371951732, 0.22404620020292093, 0.2983111975902668, 0.2119780718220866, 0.3092447776025248, 0.2450992886868455, 0.23625844182700334, 1.0000000000000002, 0.38541585346380697, 0.30437423335407926, 0.4212044503818161, 0.36167614527105546, 0.3664281105474236, 0.32974153639114545, 0.2938373327131015, 0.33795238150815476, 0.25692547471506955, 0.304322436945363, 0.26422761453381294, 0.2727698751723712, 0.2810017494714254, 0.2775845989479762, 0.22137837153714413, 0.2411956500476312, 0.36465800580524643], [0.35171494368679285, 0.42784977269670493, 0.4194379622088427, 0.4303533544890484, 0.3840185773814219, 0.4246962551920367, 0.44930705476924765, 0.38447933640934917, 0.36071024751918274, 0.4273306551181659, 0.36798035454288114, 0.43781463965948825, 0.49911876115288495, 0.4751668387194644, 0.3140187671563639, 0.5314841267557145, 0.49093903621297696, 0.5133396767840146, 0.5180332819840341, 0.5136456193353188, 0.3492001827692121, 0.5047476154125101, 0.4995704557955186, 0.38015763985871065, 0.4311509921795618, 0.4738226667680588, 0.4029637404953035, 0.4690994561977554, 0.4505399820887582, 0.48161754870158396, 0.4249934930221735, 0.4814275008257417, 0.38541585346380697, 0.9999999999999994, 0.7583859816390428, 0.6540015311565007, 0.6556630663497478, 0.7063107140217203, 0.672754406852949, 0.5467186687565959, 0.3463968703114944, 0.5022674265227837, 0.5063473206135676, 0.48477707229463274, 0.4621922065266578, 0.5427775278706818, 0.5005648962761304, 0.5255247498996469, 0.303232362637035, 0.5045916140961437], [0.37378615065467485, 0.47686823143290746, 0.3674892990455, 0.40318984540719716, 0.39696999504522745, 0.5251508085410437, 0.6091808471052857, 0.4331677673665457, 0.36137701366311875, 0.45249469819919397, 0.3815054585751059, 0.45085853193537884, 0.49193187992735676, 0.47606551182375234, 0.3747511132181237, 0.6015777491913834, 0.5574752158494346, 0.5302975470546047, 0.5903016826829972, 0.5430396482375299, 0.48879086528788857, 0.5222637622657906, 0.5851019676095859, 0.40093359517886473, 0.40542849578186696, 0.4570321419026321, 0.44374175120040427, 0.4642951198847708, 0.4462786346544378, 0.5345948001586479, 0.4213632418669064, 0.40797731299091156, 0.30437423335407926, 0.7583859816390428, 0.9999999999999993, 0.7423841142097858, 0.7510885083808267, 0.7767990282898545, 0.717033412647304, 0.6155708293074572, 0.3258120316669688, 0.5117028908100475, 0.5641648898788842, 0.5679829974268622, 0.45110581950275486, 0.5890689558744046, 0.48553803395805795, 0.5128308412837301, 0.32742980831679713, 0.42552195317249586], [0.474968836636149, 0.5630723336346953, 0.4246292688128671, 0.4550340120476578, 0.44220491658289046, 0.5232343452881404, 0.5354448215252707, 0.4510153128500949, 0.3900798034206614, 0.49729762708729164, 0.32236473387623543, 0.4868487180769613, 0.5590746161373088, 0.5284497131008864, 0.3629379994419871, 0.6245183233596495, 0.6224498047759919, 0.5836714693231001, 0.6449363674050377, 0.5600140725009378, 0.3859275365966974, 0.5755623446911833, 0.5806163247749152, 0.5415737859945249, 0.4921543136515229, 0.5292955518873002, 0.482959889276967, 0.5442750433976615, 0.47892778508896294, 0.5476752411690659, 0.39622532433269303, 0.4770213035292026, 0.4212044503818161, 0.6540015311565007, 0.7423841142097858, 0.9999999999999993, 0.7394759016038761, 0.760566185085091, 0.6724432322666389, 0.6136178735401944, 0.29176076794083433, 0.6029858768424242, 0.6160593388213238, 0.5978919650318836, 0.5560661145105986, 0.6658278190335448, 0.5792774909625671, 0.5310027699076749, 0.3167492117496996, 0.47770531501060665], [0.4555342966650135, 0.5579322168024125, 0.5416234198389839, 0.5397799564237037, 0.51464651992154, 0